0.00 0.00 0.00 3.33 0.00 0.00 3.16 3.38 4.04 0.00 0.00 4.12 3.70 0.00 0.00 0.00 0.00 3.09 3.20 3.78 3.76 0.00 0.00 0.00 3.02 3.37 3.74 0.00 2.91 0.00 0.00 3.95 4.48 0.00 0.00 0.00 0.00 0.00 4.04 0.00 0.00 0.00 0.00 0.00 3.96 3.64 0.00 0.00 0.00 0.00 0.00 0.00 0.00 3.63 0.00 3.63 3.15 0.00 0.00 0.00 0.00 0.00 3.59 0.00 3.45 0.00 0.00 0.00 0.00 0.00 0.00 3.56 3.46 0.00 0.00 0.00 0.00 0.00 0.00 0.00 3.45 2.88 3.20 0.00 0.00 0.00 0.00 2.87 2.73 3.65 0.00 0.00 2.74 3.03 3.69 0.00 0.00 0.00 0.00 0.00
0.00 0.00 0.00 0.00 0.00 0.00 2.99 0.00 0.00 0.00 0.00 0.00 3.50 0.00 0.00 0.00 0.00 2.93 3.03 0.00 0.00 0.00 0.00 0.00 0.00 0.00 0.00 3.96 2.75 0.00 0.00 0.00 4.25 0.00 0.00 0.00 0.00 0.00 3.82 3.58 2.84 3.74 0.00 0.00 0.00 0.00 0.00 0.00 0.00 0.00 0.00 0.00 0.00 3.44 3.61 3.44 0.00 0.00 0.00 0.00 0.00 3.07 3.41 0.00 3.27 0.00 0.00 0.00 0.00 3.69 0.00 0.00 0.00 3.74 0.00 2.57 0.00 0.00 0.00 0.00 3.27 0.00 0.00 0.00 0.00 0.00 0.00 0.00 2.58 3.46 2.20 0.00 0.00 2.87 0.00 0.00 0.00 0.00 0.00 0.00
3.74 3.62 0.00 3.36 3.27 0.00 0.00 0.00 0.00 0.00 0.00 3.92 3.42 3.07 0.00 0.00 0.00 3.10 0.00 3.15 0.00 0.00 0.00 0.00 3.00 0.00 0.00 0.00 2.90 3.25 0.00 0.00 4.23 0.00 0.00 0.00 0.00 2.82 0.00 0.00 2.87 3.78 3.10 2.95 3.75 3.30 3.50 3.43 3.19 0.00 0.00 0.00 0.00 0.00 3.62 3.57 2.91 3.19 2.93 0.00 0.00 0.00 3.08 0.00 0.00 0.00 3.21 2.95 0.00 0.00 3.62 0.00 0.00 3.81 3.40 2.90 3.00 3.71 3.44 3.24 0.00 2.73 0.00 3.31 3.41 2.40 2.64 0.00 2.63 3.59 2.50 3.56 2.67 2.73 3.26 3.41 3.07 0.00 3.43 2.71
0.00 0.00 0.00 0.00 0.00 0.00 0.00 0.00 0.00 0.00 0.00 0.00 0.00 0.00 0.00 0.00 0.00 0.00 0.00 0.00 0.00 0.00 0.00 0.00 0.00 0.00 0.00 0.00 0.00 0.00 0.00 0.00 0.00 0.00 0.00 0.00 0.00 0.00 0.00 0.00 0.00 0.00 0.00 0.00 0.00 0.00 0.00 0.00 0.00 0.00 0.00 0.00 0.00 0.00 0.00 0.00 0.00 0.00 0.00 0.00 0.00 0.00 0.00 0.00 0.00 0.00 0.00 0.00 0.00 0.00 0.00 0.00 0.00 0.00 0.00 0.00 0.00 0.00 0.00 0.00 0.00 0.00 0.00 0.00 0.00 0.00 0.00 0.00 0.00 0.00 0.00 0.00 0.00 0.00 0.00 0.00 0.00 0.00 0.00 0.00
5.01 0.00 5.22 0.00 4.36 4.72 4.45 4.15 5.12 5.12 4.82 5.26 4.58 0.00 0.00 0.00 0.00 4.18 4.31 0.00 0.00 5.32 0.00 4.68 4.04 4.70 0.00 0.00 3.92 4.36 4.87 0.00 5.67 4.65 0.00 0.00 4.80 3.81 0.00 0.00 3.85 5.08 4.15 0.00 0.00 0.00 0.00 0.00 0.00 0.00 0.00 0.00 0.00 0.00 4.86 4.81 0.00 4.22 3.87 0.00 4.71 0.00 4.08 4.00 4.81 0.00 0.00 3.97 0.00 0.00 0.00 0.00 0.00 5.12 4.57 0.00 0.00 4.96 4.62 4.35 4.15 0.00 4.39 0.00 0.00 0.00 3.60 0.00 0.00 4.84 0.00 4.76 3.60 3.64 0.00 0.00 4.11 0.00 0.00 0.00
3.82 0.00 0.00 3.07 0.00 0.00 2.88 0.00 0.00 0.00 0.00 0.00 0.00 0.00 0.00 0.00 0.00 2.86 2.96 0.00 0.00 0.00 0.00 0.00 0.00 3.08 0.00 0.00 2.69 0.00 0.00 0.00 4.24 3.16 0.00 0.00 0.00 2.62 0.00 0.00 0.00 0.00 0.00 0.00 0.00 0.00 0.00 0.00 0.00 0.00 0.00 0.00 0.00 0.00 3.59 3.38 3.01 3.69 3.45 0.00 0.00 0.00 3.51 0.00 0.00 0.00 0.00 2.79 0.00 0.00 0.00 0.00 0.00 3.70 0.00 0.00 0.00 3.88 3.42 3.15 3.31 0.00 0.00 0.00 0.00 0.00 0.00 0.00 0.00 0.00 0.00 3.61 2.56 2.91 0.00 0.00 3.05 0.00 0.00 2.73
0.00 0.00 0.00 0.00 0.00 0.00 0.00 0.00 4.43 0.00 0.00 0.00 3.98 0.00 0.00 0.00 0.00 3.56 0.00 0.00 0.00 0.00 0.00 0.00 0.00 0.00 0.00 0.00 0.00 3.76 0.00 0.00 0.00 0.00 0.00 0.00 0.00 0.00 0.00 0.00 0.00 0.00 0.00 0.00 0.00 3.85 0.00 0.00 0.00 0.00 0.00 0.00 0.00 0.00 0.00 0.00 0.00 0.00 0.00 0.00 0.00 0.00 0.00 0.00 0.00 0.00 0.00 0.00 0.00 0.00 0.00 0.00 0.00 0.00 3.94 0.00 0.00 0.00 0.00 0.00 0.00 3.16 3.73 0.00 0.00 0.00 0.00 0.00 0.00 0.00 0.00 0.00 3.09 3.19 3.82 0.00 0.00 0.00 0.00 3.15
4.18 0.00 0.00 0.00 0.00 0.00 3.61 3.48 0.00 4.24 0.00 0.00 0.00 0.00 0.00 0.00 0.00 3.42 3.53 0.00 3.90 0.00 0.00 0.00 0.00 3.82 0.00 0.00 3.21 0.00 0.00 0.00 4.72 0.00 3.59 0.00 0.00 0.00 0.00 0.00 0.00 0.00 0.00 0.00 0.00 3.70 3.86 0.00 0.00 0.00 0.00 0.00 0.00 0.00 0.00 3.96 0.00 0.00 0.00 0.00 0.00 0.00 0.00 0.00 0.00 0.00 0.00 0.00 3.06 0.00 4.04 3.62 0.00 0.00 0.00 0.00 0.00 4.16 3.84 3.60 0.00 0.00 3.58 0.00 0.00 0.00 0.00 0.00 2.92 0.00 2.73 0.00 0.00 0.00 0.00 0.00 0.00 0.00 0.00 0.00
3.99 3.83 4.11 3.47 0.00 0.00 3.36 3.32 4.04 4.01 3.86 0.00 3.66 3.18 3.89 3.98 3.96 3.21 3.31 0.00 3.72 0.00 0.00 0.00 3.12 3.56 3.56 4.19 3.01 3.42 0.00 3.97 4.48 3.56 0.00 0.00 0.00 0.00 0.00 0.00 3.03 3.99 0.00 0.00 0.00 3.55 3.62 0.00 3.27 0.00 0.00 0.00 0.00 3.74 0.00 3.73 3.11 3.52 0.00 3.70 3.67 3.29 3.39 3.03 3.65 3.62 3.47 3.08 2.88 3.83 0.00 0.00 0.00 4.00 3.59 2.94 3.24 3.98 3.64 0.00 3.36 2.89 3.35 3.52 3.74 2.42 2.66 2.96 2.76 3.75 2.52 0.00 2.80 2.94 0.00 0.00 0.00 3.85 0.00 2.88
2.87 2.92 0.00 3.17 0.00 0.00 3.32 0.00 0.00 3.22 0.00 0.00 0.00 2.86 1.82 0.00 1.84 2.89 0.00 1.58 2.65 0.00 0.00 0.00 0.00 0.00 1.98 3.18 2.69 0.00 0.00 0.00 3.38 0.00 0.00 0.00 0.00 0.00 0.00 2.99 2.38 0.00 0.00 0.00 3.01 2.32 0.00 3.06 0.00 0.00 0.00 0.00 0.00 3.25 0.00 0.00 2.17 1.72 0.00 0.00 0.00 0.00 1.74 2.93 0.00 0.00 0.00 2.63 0.00 0.00 0.00 0.00 2.61 0.00 0.00 3.08 2.08 0.00 2.79 2.74 2.16 2.19 3.12 0.00 0.00 0.00 2.92 2.58 0.00 3.20 0.00 0.00 2.33 1.89 2.11 0.00 2.49 2.81 2.80 2.14
0.00 0.00 0.00 4.56 0.00 4.75 0.00 4.15 0.00 5.14 4.82 0.00 4.58 4.16 4.61 0.00 4.69 4.21 4.33 4.14 4.67 5.33 5.01 4.67 0.00 4.73 4.31 5.32 3.94 4.38 4.88 5.05 5.68 0.00 0.00 4.97 4.81 3.83 5.11 0.00 3.86 5.10 4.15 3.95 5.03 4.39 0.00 0.00 4.35 4.15 0.00 0.00 0.00 0.00 4.87 4.83 3.89 0.00 0.00 4.86 4.73 0.00 4.06 4.03 0.00 0.00 0.00 3.99 3.74 4.79 0.00 0.00 0.00 5.13 4.58 3.97 4.00 0.00 0.00 0.00 4.15 3.67 4.42 4.44 4.50 0.00 3.64 3.85 3.54 4.86 3.43 0.00 3.61 3.64 4.33 0.00 4.12 4.86 4.62 3.64
0.00 0.00 0.00 0.00 0.00 0.00 0.00 3.37 0.00 0.00 0.00 0.00 0.00 3.51 0.00 0.00 0.00 0.00 0.00 0.00 0.00 0.00 0.00 0.00 0.00 0.00 3.42 4.38 0.00 3.63 4.00 4.16 4.68 0.00 0.00 0.00 0.00 3.22 4.21 0.00 3.20 0.00 3.38 0.00 0.00 3.55 0.00 0.00 0.00 0.00 0.00 0.00 0.00 0.00 0.00 4.05 0.00 0.00 0.00 0.00 3.95 3.52 3.19 0.00 4.13 0.00 3.43 0.00 0.00 3.90 0.00 0.00 0.00 4.27 0.00 0.00 0.00 0.00 0.00 0.00 3.35 3.02 3.75 0.00 0.00 2.86 0.00 3.24 0.00 4.07 0.00 3.91 3.01 2.93 3.46 0.00 0.00 0.00 3.81 2.99
0.00 0.00 0.00 3.73 0.00 0.00 3.70 0.00 0.00 4.17 0.00 0.00 0.00 3.41 3.61 3.75 3.68 3.44 0.00 0.00 3.76 0.00 0.00 3.74 3.31 3.89 0.00 0.00 3.22 3.55 0.00 0.00 4.59 3.83 3.51 0.00 0.00 0.00 4.13 3.94 3.13 0.00 0.00 3.17 0.00 0.00 0.00 0.00 3.58 0.00 0.00 0.00 0.00 0.00 0.00 0.00 0.00 0.00 0.00 0.00 0.00 0.00 3.20 0.00 0.00 0.00 0.00 0.00 0.00 0.00 0.00 3.44 3.54 0.00 3.71 0.00 3.19 0.00 0.00 3.54 3.31 0.00 3.63 3.58 3.55 0.00 3.02 3.14 2.87 3.96 0.00 0.00 2.94 2.90 0.00 0.00 0.00 3.91 3.73 0.00
0.00 0.00 0.00 0.00 0.00 0.00 0.00 0.00 0.00 0.00 0.00 0.00 0.00 0.00 0.00 0.00 0.00 0.00 0.00 0.00 0.00 0.00 0.00 0.00 0.00 0.00 0.00 0.00 0.00 0.00 0.00 0.00 0.00 0.00 0.00 0.00 0.00 0.00 0.00 0.00 0.00 0.00 0.00 0.00 0.00 0.00 0.00 0.00 0.00 2.64 0.00 0.00 0.00 0.00 0.00 0.00 0.00 0.00 0.00 0.00 0.00 0.00 0.00 0.00 0.00 0.00 0.00 0.00 0.00 0.00 0.00 0.00 0.00 0.00 0.00 0.00 0.00 0.00 0.00 0.00 0.00 0.00 0.00 0.00 0.00 0.00 0.00 0.00 0.00 0.00 0.00 0.00 0.00 0.00 0.00 0.00 0.00 0.00 0.00 0.00
0.00 0.00 0.00 0.00 0.00 0.00 3.44 3.25 3.99 0.00 0.00 0.00 3.58 0.00 0.00 0.00 0.00 0.00 3.34 0.00 0.00 4.15 0.00 0.00 3.13 3.63 0.00 0.00 3.04 0.00 0.00 0.00 0.00 3.60 0.00 0.00 0.00 0.00 0.00 0.00 0.00 0.00 0.00 0.00 0.00 0.00 3.66 0.00 0.00 0.00 0.00 0.00 0.00 3.76 0.00 3.74 0.00 0.00 0.00 0.00 0.00 3.28 3.23 0.00 3.72 0.00 0.00 0.00 0.00 0.00 0.00 0.00 0.00 3.98 0.00 0.00 0.00 0.00 0.00 0.00 0.00 0.00 0.00 0.00 0.00 2.50 0.00 2.97 0.00 0.00 0.00 0.00 2.80 2.86 0.00 0.00 0.00 0.00 0.00 2.84
0.00 0.00 0.00 0.00 0.00 0.00 0.00 0.00 0.00 0.00 0.00 0.00 0.00 0.00 0.00 0.00 0.00 3.54 0.00 0.00 0.00 0.00 0.00 0.00 0.00 4.03 0.00 0.00 3.31 0.00 0.00 0.00 0.00 0.00 0.00 0.00 0.00 0.00 0.00 0.00 0.00 0.00 0.00 0.00 0.00 0.00 0.00 0.00 0.00 0.00 0.00 0.00 0.00 0.00 0.00 4.03 0.00 0.00 0.00 0.00 0.00 0.00 0.00 0.00 0.00 0.00 0.00 0.00 0.00 0.00 0.00 0.00 0.00 0.00 0.00 0.00 0.00 0.00 0.00 0.00 0.00 0.00 0.00 0.00 0.00 0.00 0.00 0.00 0.00 0.00 0.00 0.00 0.00 0.00 0.00 0.00 0.00 0.00 0.00 0.00
0.00 3.68 0.00 0.00 0.00 0.00 0.00 0.00 0.00 0.00 0.00 0.00 3.52 3.02 0.00 0.00 0.00 3.06 0.00 3.44 0.00 0.00 3.78 0.00 0.00 0.00 0.00 0.00 2.87 0.00 0.00 0.00 4.31 3.39 0.00 0.00 0.00 0.00 0.00 0.00 2.90 0.00 0.00 0.00 0.00 3.43 3.44 0.00 3.10 0.00 0.00 0.00 0.00 3.57 3.67 0.00 3.00 0.00 0.00 0.00 0.00 0.00 3.31 2.87 0.00 0.00 0.00 2.94 0.00 0.00 3.70 0.00 0.00 0.00 0.00 2.77 3.14 0.00 0.00 0.00 0.00 0.00 0.00 0.00 0.00 0.00 2.50 2.82 0.00 0.00 2.37 0.00 2.68 2.85 0.00 3.57 3.11 0.00 0.00 2.77
4.54 4.43 0.00 0.00 0.00 4.38 0.00 3.74 4.67 4.70 0.00 4.81 4.14 3.86 4.02 4.18 4.10 3.90 4.01 0.00 4.23 0.00 0.00 4.21 3.75 0.00 0.00 0.00 3.65 4.00 4.43 0.00 5.17 0.00 3.96 4.54 4.36 3.54 4.65 0.00 3.53 4.66 0.00 0.00 4.58 3.94 4.41 0.00 4.07 3.82 0.00 0.00 0.00 4.49 4.45 4.45 3.52 3.67 3.35 4.51 4.35 3.88 3.57 3.76 0.00 0.00 0.00 0.00 0.00 0.00 4.42 0.00 0.00 0.00 4.18 3.74 3.59 4.47 4.22 4.00 3.72 3.34 4.11 4.03 3.97 0.00 3.45 3.56 3.24 4.48 3.24 0.00 3.32 3.26 3.85 0.00 0.00 4.40 0.00 3.30
0.00 0.00 0.00 4.32 3.80 0.00 0.00 3.64 4.62 4.70 4.22 0.00 4.06 0.00 3.70 3.89 3.77 3.97 0.00 3.30 4.14 0.00 0.00 4.09 0.00 0.00 3.60 0.00 3.71 3.99 0.00 4.56 0.00 0.00 3.94 0.00 0.00 3.60 4.60 0.00 3.51 0.00 0.00 3.48 4.54 3.81 0.00 4.32 0.00 0.00 0.00 0.00 0.00 4.55 4.42 0.00 3.44 3.40 0.00 0.00 4.37 0.00 3.33 3.88 4.67 0.00 3.67 3.71 3.50 0.00 0.00 3.72 3.95 4.71 4.16 3.92 3.46 0.00 0.00 0.00 3.59 3.31 4.21 0.00 3.71 3.28 3.63 3.61 3.24 0.00 3.40 4.25 3.34 3.14 3.67 3.92 3.73 4.33 4.18 3.26
0.00 3.96 0.00 3.62 0.00 0.00 3.52 3.42 0.00 4.15 0.00 4.28 0.00 3.31 0.00 0.00 0.00 3.35 3.45 3.57 3.84 0.00 4.07 0.00 3.24 3.73 3.64 4.33 3.14 3.54 0.00 4.11 4.63 0.00 3.52 4.04 0.00 3.05 4.17 0.00 3.13 0.00 3.41 3.26 4.10 3.65 3.77 3.72 3.42 3.33 0.00 0.00 0.00 3.89 0.00 3.88 3.21 0.00 0.00 0.00 3.81 0.00 3.45 3.17 0.00 0.00 0.00 0.00 2.99 3.95 3.97 3.57 3.58 0.00 3.72 3.09 3.33 0.00 0.00 0.00 3.45 2.99 3.50 3.64 3.82 2.54 2.80 3.08 2.86 3.90 2.65 0.00 2.91 3.02 3.63 3.78 3.35 3.98 3.75 2.97
4.38 4.20 0.00 0.00 0.00 0.00 3.62 3.66 0.00 4.37 0.00 4.53 4.02 3.44 4.35 4.44 4.44 3.48 3.59 0.00 4.09 0.00 0.00 4.14 3.38 3.84 3.96 0.00 3.26 0.00 0.00 4.34 4.91 0.00 0.00 0.00 0.00 3.18 0.00 0.00 0.00 0.00 0.00 0.00 4.34 3.92 3.92 0.00 3.52 3.48 0.00 0.00 0.00 0.00 4.18 4.05 3.42 0.00 0.00 0.00 3.99 0.00 3.78 3.27 3.93 0.00 0.00 3.35 3.12 0.00 0.00 0.00 0.00 0.00 0.00 3.14 0.00 4.38 3.98 3.72 3.71 3.16 3.62 0.00 0.00 2.58 0.00 3.21 3.01 0.00 2.70 0.00 3.05 3.25 0.00 4.07 3.55 4.23 3.97 3.15
0.00 0.00 0.00 0.00 0.00 0.00 0.00 3.38 0.00 0.00 0.00 0.00 3.78 0.00 0.00 0.00 0.00 3.80 3.89 2.94 3.87 0.00 0.00 3.79 0.00 4.40 0.00 0.00 3.55 0.00 0.00 0.00 4.80 4.25 3.72 4.24 0.00 0.00 0.00 0.00 3.31 0.00 0.00 0.00 0.00 0.00 0.00 0.00 4.05 0.00 4.12 3.52 0.00 4.34 0.00 4.28 3.20 0.00 0.00 0.00 0.00 0.00 0.00 0.00 4.50 0.00 0.00 0.00 0.00 0.00 4.09 3.44 3.71 0.00 3.93 0.00 3.19 0.00 0.00 0.00 3.31 3.11 4.05 3.71 3.36 0.00 0.00 0.00 3.06 0.00 0.00 0.00 3.17 2.90 3.36 0.00 0.00 0.00 0.00 3.06
4.48 0.00 0.00 0.00 0.00 0.00 0.00 3.71 0.00 0.00 0.00 0.00 0.00 0.00 0.00 0.00 0.00 3.74 0.00 3.73 4.17 0.00 0.00 0.00 0.00 0.00 0.00 0.00 3.50 0.00 0.00 0.00 5.07 0.00 0.00 0.00 0.00 0.00 0.00 0.00 0.00 0.00 3.70 0.00 0.00 3.93 4.22 0.00 0.00 0.00 0.00 0.00 0.00 0.00 0.00 0.00 3.48 0.00 0.00 0.00 4.21 0.00 0.00 3.58 4.30 0.00 3.82 0.00 0.00 0.00 4.34 0.00 0.00 0.00 0.00 3.52 0.00 0.00 0.00 3.89 0.00 0.00 3.93 0.00 0.00 2.91 0.00 0.00 3.15 4.32 0.00 0.00 3.21 0.00 0.00 4.07 3.68 4.34 0.00 0.00
3.63 3.52 0.00 3.28 3.16 0.00 0.00 3.01 0.00 3.71 0.00 3.81 3.32 3.00 0.00 3.48 0.00 0.00 3.12 0.00 3.38 0.00 0.00 0.00 2.92 0.00 0.00 0.00 2.84 3.16 3.53 3.65 0.00 3.37 3.14 3.59 0.00 2.75 3.70 0.00 0.00 0.00 3.00 0.00 3.64 3.19 3.42 0.00 3.13 2.99 0.00 0.00 2.99 3.51 3.52 0.00 2.82 0.00 2.81 0.00 3.41 0.00 2.96 2.89 0.00 3.17 3.10 2.88 2.70 0.00 0.00 3.12 3.17 0.00 0.00 2.84 2.91 3.60 3.35 3.15 3.01 0.00 3.18 0.00 0.00 2.36 2.60 2.77 0.00 0.00 2.45 0.00 2.60 2.64 3.15 3.30 2.98 3.52 3.34 2.63
0.00 0.00 0.00 0.00 0.00 0.00 0.00 0.00 0.00 0.00 0.00 0.00 3.70 0.00 0.00 0.00 0.00 4.40 4.48 0.00 0.00 0.00 0.00 0.00 4.13 0.00 2.60 0.00 4.10 0.00 0.00 0.00 0.00 0.00 0.00 0.00 0.00 0.00 0.00 0.00 0.00 0.00 0.00 0.00 0.00 0.00 5.02 0.00 0.00 0.00 0.00 0.00 0.00 0.00 0.00 0.00 0.00 0.00 0.00 0.00 0.00 0.00 2.20 0.00 0.00 0.00 2.99 0.00 0.00 0.00 0.00 0.00 0.00 0.00 0.00 0.00 0.00 0.00 0.00 0.00 0.00 0.00 4.79 3.71 2.55 0.00 0.00 0.00 3.29 4.82 0.00 0.00 0.00 2.63 0.00 0.00 0.00 0.00 0.00 0.00
