3.86 3.81 4.14 3.77 3.30 3.90 4.04 3.53 4.34 4.19 3.78 4.16 3.59 3.31 3.90 3.87 3.98 3.48 3.47 3.40 3.64 4.28 3.86 3.64 3.29 4.05 3.53 4.16 3.27 3.20 3.89 4.01 4.47 3.86 3.33 3.80 3.67 2.89 3.96 3.72 3.38 4.10 3.02 2.94 3.84 3.33 3.99 3.65 3.49 3.18 4.16 3.30 3.49 4.01 3.83 3.96 3.18 3.26 2.93 4.07 3.83 3.68 3.06 3.14 4.24 3.54 3.33 3.32 3.04 3.70 3.84 3.33 3.26 4.01 4.02 3.27 3.05 3.81 3.60 3.17 3.11 3.28 3.45 3.63 3.59 2.59 2.76 3.28 2.81 3.88 2.51 3.75 2.82 2.92 3.31 3.45 3.50 3.70 3.50 3.19
3.66 3.60 3.91 3.55 3.13 3.67 3.78 3.31 4.08 3.95 3.58 3.93 3.40 3.13 3.68 3.66 3.75 3.27 3.26 3.21 3.45 4.04 3.66 3.44 3.10 3.80 3.34 3.93 3.07 3.04 3.68 3.78 4.22 3.63 3.16 3.60 3.48 2.74 3.75 3.53 3.17 3.87 2.88 2.80 3.64 3.16 3.74 3.45 3.29 3.03 3.93 3.14 3.28 3.77 3.62 3.73 3.00 3.09 2.79 3.82 3.61 3.46 2.91 2.97 3.97 3.34 3.16 3.12 2.86 3.51 3.63 3.16 3.10 3.79 3.77 3.07 2.90 3.61 3.41 3.01 2.96 3.07 3.24 3.42 3.41 2.45 2.60 3.08 2.65 3.65 2.38 3.55 2.66 2.76 3.15 3.28 3.29 3.51 3.32 3.00
3.56 3.55 3.92 3.75 2.95 3.93 4.29 3.63 4.39 4.14 3.56 3.94 3.34 3.20 3.83 3.73 3.91 3.54 3.46 3.23 3.37 4.11 3.58 3.38 3.33 4.20 3.33 3.95 3.31 2.84 3.70 3.83 4.25 3.94 3.05 3.48 3.36 2.67 3.68 3.45 3.48 3.95 2.58 2.61 3.53 3.03 4.18 3.52 3.46 2.79 4.03 2.97 3.54 3.99 3.57 3.86 3.12 3.00 2.62 4.15 3.76 3.80 2.70 3.03 4.45 3.35 3.01 3.37 3.01 3.42 3.65 3.04 2.91 3.77 4.17 3.28 2.76 3.48 3.33 2.79 2.79 3.49 3.53 3.55 3.24 2.50 2.65 3.37 2.76 3.81 2.24 3.52 2.70 2.72 2.98 3.10 3.55 3.38 3.19 3.30
3.04 3.00 3.27 2.99 2.60 3.09 3.22 2.80 3.44 3.32 2.99 3.28 2.84 2.62 3.09 3.06 3.15 2.76 2.75 2.68 2.87 3.39 3.05 2.87 2.61 3.22 2.79 3.29 2.59 2.52 3.08 3.17 3.53 3.06 2.63 2.99 2.89 2.28 3.12 2.94 2.68 3.24 2.37 2.32 3.03 2.63 3.17 2.89 2.77 2.50 3.29 2.60 2.77 3.18 3.02 3.13 2.52 2.57 2.31 3.23 3.03 2.93 2.41 2.49 3.37 2.79 2.62 2.64 2.41 2.92 3.04 2.63 2.57 3.16 3.19 2.59 2.40 3.00 2.84 2.49 2.45 2.61 2.74 2.87 2.83 2.05 2.18 2.60 2.23 3.07 1.97 2.96 2.23 2.30 2.61 2.72 2.77 2.92 2.76 2.54
4.82 4.73 5.12 4.57 4.16 4.70 4.75 4.21 5.22 5.09 4.69 5.13 4.48 4.07 4.75 4.76 4.84 4.18 4.20 4.19 4.55 5.27 4.81 4.53 3.96 4.81 4.37 5.14 3.93 4.06 4.81 4.93 5.52 4.63 4.17 4.76 4.59 3.61 4.92 4.64 4.03 5.03 3.88 3.73 4.80 4.18 4.72 4.49 4.24 4.05 5.10 4.17 4.19 4.85 4.76 4.83 3.88 4.08 3.71 4.88 4.67 4.39 3.89 3.86 5.01 4.37 4.19 3.99 3.69 4.62 4.74 4.18 4.13 4.97 4.77 3.94 3.84 4.78 4.50 4.03 3.93 3.86 4.13 4.42 4.53 3.18 3.38 3.92 3.43 4.72 3.17 4.66 3.47 3.63 4.18 4.36 4.20 4.65 4.39 3.80
3.54 3.49 3.80 3.46 3.02 3.58 3.72 3.25 3.99 3.85 3.47 3.81 3.30 3.04 3.58 3.56 3.65 3.20 3.19 3.12 3.34 3.93 3.54 3.34 3.03 3.72 3.24 3.82 3.00 2.93 3.57 3.68 4.10 3.55 3.06 3.48 3.36 2.65 3.63 3.41 3.11 3.76 2.76 2.70 3.52 3.05 3.67 3.35 3.21 2.92 3.82 3.03 3.21 3.68 3.51 3.63 2.92 2.99 2.69 3.74 3.52 3.39 2.81 2.89 3.90 3.25 3.05 3.05 2.79 3.40 3.53 3.06 2.99 3.68 3.69 3.00 2.80 3.49 3.31 2.90 2.85 3.02 3.17 3.33 3.29 2.38 2.53 3.02 2.59 3.56 2.30 3.44 2.59 2.67 3.04 3.16 3.21 3.40 3.21 2.94
4.35 4.28 4.64 4.19 3.74 4.32 4.42 3.89 4.80 4.66 4.25 4.66 4.05 3.70 4.34 4.33 4.43 3.85 3.85 3.80 4.11 4.79 4.35 4.10 3.64 4.45 3.97 4.66 3.61 3.64 4.36 4.48 5.01 4.26 3.76 4.29 4.14 3.26 4.45 4.19 3.72 4.58 3.45 3.35 4.33 3.77 4.38 4.08 3.88 3.62 4.65 3.74 3.86 4.45 4.30 4.41 3.55 3.68 3.33 4.49 4.26 4.06 3.48 3.51 4.64 3.97 3.77 3.67 3.38 4.18 4.31 3.77 3.70 4.50 4.41 3.62 3.45 4.31 4.06 3.61 3.53 3.59 3.80 4.04 4.07 2.90 3.08 3.61 3.13 4.31 2.84 4.22 3.15 3.28 3.75 3.91 3.86 4.19 3.95 3.51
4.05 3.96 4.26 3.73 3.53 3.82 3.78 3.39 4.24 4.17 3.92 4.27 3.75 3.36 3.90 3.94 3.98 3.38 3.43 3.48 3.82 4.36 4.03 3.80 3.22 3.86 3.65 4.27 3.19 3.45 4.00 4.09 4.59 3.75 3.51 4.00 3.86 3.03 4.12 3.89 3.25 4.16 3.33 3.18 4.04 3.53 3.78 3.71 3.47 3.45 4.21 3.53 3.40 3.97 3.98 3.98 3.19 3.43 3.14 3.95 3.83 3.54 3.31 3.19 4.00 3.64 3.54 3.23 3.02 3.88 3.94 3.52 3.50 4.14 3.83 3.21 3.24 4.03 3.77 3.43 3.33 3.06 3.33 3.64 3.83 2.63 2.80 3.16 2.82 3.87 2.69 3.89 2.87 3.04 3.54 3.69 3.41 3.92 3.70 3.06
3.92 3.81 4.04 3.38 3.50 3.42 3.17 2.96 3.77 3.81 3.74 4.05 3.62 3.13 3.58 3.69 3.65 2.99 3.09 3.29 3.70 4.09 3.90 3.66 2.87 3.33 3.47 4.04 2.84 3.44 3.78 3.84 4.34 3.30 3.43 3.90 3.76 2.93 3.97 3.76 2.84 3.89 3.41 3.18 3.93 3.46 3.22 3.47 3.16 3.47 3.92 3.49 3.01 3.59 3.82 3.68 2.94 3.34 3.12 3.48 3.52 3.08 3.32 2.98 3.40 3.46 3.49 2.86 2.74 3.76 3.73 3.45 3.48 3.95 3.30 2.88 3.19 3.94 3.66 3.44 3.30 2.56 2.92 3.34 3.79 2.46 2.62 2.77 2.60 3.54 2.67 3.72 2.70 2.92 3.50 3.66 3.02 3.83 3.63 2.65
2.82 2.86 3.24 3.34 2.22 3.55 4.15 3.38 4.00 3.64 2.90 3.27 2.68 2.73 3.34 3.15 3.41 3.25 3.09 2.70 2.67 3.46 2.86 2.71 3.02 3.96 2.73 3.28 3.01 2.10 3.07 3.22 3.53 3.62 2.39 2.72 2.63 2.13 2.96 2.75 3.24 3.35 1.77 1.92 2.78 2.34 3.98 2.98 3.06 2.03 3.44 2.25 3.24 3.55 2.89 3.33 2.71 2.36 1.97 3.82 3.27 3.55 1.98 2.57 4.25 2.76 2.30 3.08 2.66 2.72 3.03 2.37 2.18 3.09 3.93 2.96 2.12 2.70 2.65 2.04 2.11 3.39 3.26 3.09 2.46 2.12 2.25 3.12 2.40 3.34 1.68 2.87 2.27 2.19 2.25 2.34 3.24 2.62 2.47 3.09
4.91 4.81 5.19 4.60 4.26 4.72 4.74 4.22 5.24 5.13 4.76 5.21 4.55 4.11 4.79 4.82 4.89 4.19 4.22 4.25 4.63 5.33 4.90 4.61 3.98 4.81 4.44 5.21 3.95 4.15 4.87 4.99 5.59 4.64 4.25 4.85 4.68 3.67 5.01 4.72 4.04 5.09 3.98 3.82 4.89 4.27 4.72 4.54 4.27 4.15 5.16 4.26 4.21 4.89 4.84 4.88 3.92 4.16 3.79 4.89 4.71 4.40 3.98 3.91 5.00 4.44 4.28 4.00 3.72 4.71 4.81 4.26 4.22 5.04 4.77 3.96 3.92 4.87 4.58 4.12 4.02 3.84 4.14 4.46 4.63 3.22 3.42 3.93 3.46 4.76 3.24 4.73 3.51 3.69 4.27 4.45 4.22 4.74 4.48 3.80
4.07 4.00 4.33 3.87 3.52 3.99 4.04 3.58 4.43 4.32 3.97 4.35 3.79 3.44 4.03 4.03 4.10 3.55 3.56 3.55 3.84 4.46 4.07 3.83 3.36 4.09 3.70 4.35 3.34 3.43 4.07 4.17 4.67 3.93 3.53 4.02 3.88 3.05 4.16 3.92 3.43 4.26 3.27 3.15 4.06 3.54 4.01 3.80 3.60 3.42 4.32 3.52 3.56 4.12 4.02 4.10 3.29 3.45 3.13 4.14 3.95 3.73 3.28 3.27 4.26 3.70 3.54 3.38 3.13 3.91 4.01 3.53 3.49 4.20 4.05 3.34 3.24 4.04 3.80 3.40 3.32 3.28 3.50 3.75 3.83 2.70 2.87 3.33 2.91 4.00 2.67 3.94 2.94 3.07 3.53 3.68 3.57 3.93 3.71 3.23
3.83 3.77 4.10 3.72 3.28 3.85 3.97 3.48 4.28 4.14 3.75 4.12 3.57 3.28 3.85 3.84 3.93 3.43 3.42 3.36 3.61 4.24 3.83 3.61 3.25 3.99 3.50 4.12 3.23 3.19 3.86 3.97 4.43 3.81 3.31 3.77 3.64 2.87 3.92 3.69 3.33 4.06 3.01 2.93 3.81 3.31 3.93 3.62 3.45 3.17 4.12 3.28 3.44 3.96 3.80 3.91 3.15 3.24 2.92 4.01 3.79 3.63 3.05 3.11 4.17 3.50 3.31 3.28 3.00 3.68 3.81 3.31 3.25 3.97 3.95 3.23 3.03 3.78 3.58 3.15 3.09 3.23 3.40 3.59 3.57 2.57 2.73 3.23 2.78 3.83 2.49 3.72 2.79 2.89 3.29 3.43 3.45 3.68 3.47 3.15
4.57 4.29 4.29 2.80 4.46 2.61 1.34 1.87 2.77 3.30 4.09 4.27 4.12 3.06 3.22 3.67 3.26 2.10 2.52 3.41 4.29 4.13 4.48 4.18 2.15 1.92 3.75 4.24 2.09 4.48 3.98 3.90 4.54 2.29 4.10 4.66 4.48 3.40 4.50 4.34 1.80 3.84 4.84 4.16 4.63 4.23 1.67 3.44 2.69 4.64 3.79 4.40 2.17 2.96 4.28 3.42 2.68 3.94 4.00 2.40 3.17 1.91 4.39 2.94 1.70 3.68 4.34 2.05 2.33 4.36 3.91 4.16 4.47 4.30 1.90 2.23 3.94 4.77 4.24 4.57 4.19 1.03 1.96 3.04 4.74 2.44 2.59 1.80 2.36 3.14 3.41 4.08 2.74 3.30 4.42 4.64 2.18 4.64 4.41 1.61
3.83 3.78 4.11 3.74 3.28 3.87 4.00 3.50 4.30 4.16 3.76 4.13 3.57 3.29 3.87 3.85 3.95 3.45 3.44 3.37 3.62 4.25 3.83 3.61 3.26 4.01 3.51 4.13 3.24 3.18 3.86 3.98 4.44 3.83 3.31 3.77 3.64 2.87 3.93 3.70 3.35 4.07 3.00 2.93 3.82 3.31 3.95 3.63 3.47 3.16 4.13 3.28 3.46 3.98 3.80 3.93 3.16 3.24 2.92 4.03 3.80 3.65 3.05 3.12 4.20 3.51 3.31 3.29 3.01 3.68 3.81 3.31 3.24 3.98 3.98 3.24 3.03 3.79 3.58 3.15 3.09 3.25 3.42 3.60 3.57 2.57 2.74 3.25 2.79 3.84 2.49 3.73 2.80 2.90 3.29 3.43 3.47 3.68 3.48 3.16
3.96 3.89 4.21 3.76 3.42 3.87 3.92 3.47 4.30 4.19 3.86 4.23 3.68 3.35 3.91 3.92 3.99 3.44 3.46 3.45 3.74 4.33 3.96 3.73 3.27 3.97 3.60 4.23 3.24 3.33 3.96 4.06 4.54 3.82 3.43 3.91 3.77 2.97 4.05 3.82 3.33 4.14 3.18 3.07 3.95 3.44 3.90 3.69 3.49 3.33 4.20 3.42 3.46 4.00 3.91 3.98 3.20 3.36 3.05 4.02 3.84 3.62 3.20 3.18 4.13 3.60 3.44 3.29 3.04 3.80 3.90 3.44 3.39 4.09 3.94 3.25 3.16 3.93 3.70 3.31 3.23 3.18 3.40 3.64 3.72 2.62 2.79 3.23 2.83 3.89 2.60 3.83 2.85 2.98 3.43 3.58 3.46 3.82 3.61 3.14
3.81 3.73 4.03 3.57 3.30 3.66 3.67 3.27 4.06 3.98 3.70 4.04 3.53 3.19 3.72 3.74 3.79 3.25 3.28 3.29 3.59 4.14 3.80 3.57 3.09 3.73 3.44 4.04 3.06 3.22 3.78 3.87 4.34 3.60 3.30 3.76 3.63 2.85 3.88 3.66 3.13 3.95 3.09 2.96 3.79 3.31 3.66 3.52 3.31 3.22 4.00 3.30 3.26 3.79 3.75 3.79 3.04 3.22 2.94 3.79 3.65 3.41 3.09 3.03 3.88 3.44 3.32 3.10 2.88 3.65 3.73 3.31 3.27 3.91 3.70 3.07 3.04 3.78 3.55 3.20 3.11 2.98 3.21 3.46 3.59 2.50 2.66 3.04 2.69 3.69 2.51 3.67 2.72 2.86 3.31 3.45 3.27 3.68 3.47 2.95
4.46 4.39 4.76 4.28 3.84 4.41 4.51 3.97 4.90 4.76 4.36 4.77 4.15 3.79 4.44 4.44 4.53 3.93 3.93 3.90 4.21 4.90 4.46 4.20 3.72 4.54 4.06 4.78 3.69 3.73 4.47 4.59 5.13 4.36 3.86 4.40 4.24 3.34 4.56 4.30 3.80 4.69 3.55 3.44 4.44 3.86 4.47 4.18 3.97 3.72 4.76 3.84 3.94 4.55 4.41 4.51 3.63 3.78 3.42 4.59 4.36 4.14 3.58 3.60 4.74 4.06 3.87 3.75 3.45 4.28 4.41 3.86 3.80 4.61 4.51 3.70 3.54 4.42 4.16 3.70 3.62 3.66 3.89 4.13 4.18 2.97 3.15 3.69 3.21 4.41 2.92 4.32 3.23 3.36 3.85 4.02 3.95 4.29 4.06 3.59
4.41 4.35 4.73 4.32 3.76 4.47 4.64 4.05 4.97 4.80 4.32 4.75 4.10 3.79 4.46 4.43 4.55 3.99 3.97 3.88 4.16 4.90 4.41 4.15 3.78 4.65 4.04 4.76 3.75 3.65 4.45 4.58 5.11 4.43 3.80 4.33 4.18 3.30 4.52 4.25 3.88 4.69 3.44 3.36 4.38 3.80 4.58 4.18 4.00 3.63 4.76 3.77 4.00 4.59 4.37 4.53 3.64 3.72 3.35 4.67 4.38 4.23 3.49 3.60 4.87 4.04 3.80 3.81 3.48 4.23 4.39 3.81 3.72 4.58 4.61 3.75 3.48 4.35 4.11 3.61 3.55 3.77 3.96 4.15 4.10 2.96 3.15 3.76 3.22 4.44 2.86 4.29 3.22 3.33 3.78 3.94 4.01 4.23 3.99 3.66
4.26 4.14 4.42 3.76 3.77 3.81 3.62 3.33 4.21 4.22 4.08 4.42 3.93 3.44 3.96 4.05 4.03 3.35 3.44 3.60 4.01 4.49 4.23 3.98 3.21 3.77 3.79 4.42 3.17 3.70 4.14 4.21 4.75 3.71 3.71 4.23 4.08 3.18 4.32 4.09 3.19 4.27 3.63 3.41 4.25 3.74 3.66 3.81 3.50 3.72 4.32 3.76 3.37 3.99 4.16 4.06 3.25 3.62 3.36 3.90 3.89 3.47 3.56 3.28 3.87 3.78 3.77 3.21 3.04 4.08 4.08 3.73 3.75 4.31 3.74 3.21 3.44 4.26 3.97 3.69 3.55 2.93 3.29 3.69 4.08 2.70 2.87 3.11 2.87 3.92 2.87 4.05 2.96 3.18 3.77 3.94 3.38 4.15 3.92 2.99
4.42 4.27 4.51 3.71 3.97 3.73 3.37 3.20 4.10 4.19 4.19 4.52 4.06 3.48 3.95 4.10 4.02 3.25 3.39 3.66 4.16 4.55 4.38 4.11 3.13 3.58 3.88 4.51 3.09 3.91 4.22 4.27 4.84 3.59 3.87 4.40 4.24 3.30 4.46 4.23 3.07 4.32 3.91 3.61 4.42 3.91 3.46 3.86 3.47 3.96 4.35 3.95 3.28 3.94 4.29 4.07 3.25 3.76 3.54 3.78 3.88 3.32 3.78 3.31 3.64 3.86 3.95 3.12 3.02 4.23 4.16 3.89 3.95 4.42 3.56 3.14 3.61 4.45 4.11 3.92 3.74 2.72 3.17 3.69 4.29 2.73 2.91 3.00 2.87 3.91 3.03 4.16 3.01 3.28 3.97 4.15 3.29 4.33 4.10 2.86
4.17 4.07 4.34 3.73 3.68 3.80 3.65 3.33 4.19 4.18 4.01 4.35 3.85 3.40 3.92 4.00 3.99 3.34 3.42 3.54 3.93 4.43 4.15 3.90 3.19 3.77 3.73 4.35 3.16 3.60 4.07 4.15 4.67 3.70 3.63 4.14 3.99 3.12 4.24 4.01 3.19 4.22 3.52 3.32 4.17 3.66 3.67 3.76 3.47 3.62 4.26 3.67 3.36 3.96 4.08 4.01 3.21 3.54 3.28 3.89 3.85 3.47 3.47 3.23 3.89 3.71 3.68 3.20 3.02 4.00 4.02 3.65 3.65 4.24 3.74 3.19 3.37 4.17 3.89 3.59 3.47 2.95 3.28 3.66 3.98 2.67 2.84 3.11 2.84 3.88 2.80 3.98 2.92 3.12 3.68 3.84 3.37 4.05 3.83 3.00
4.36 4.27 4.60 4.06 3.79 4.17 4.15 3.71 4.62 4.53 4.23 4.62 4.04 3.64 4.24 4.27 4.32 3.69 3.73 3.76 4.11 4.72 4.35 4.09 3.51 4.23 3.94 4.62 3.48 3.70 4.32 4.42 4.96 4.09 3.78 4.31 4.16 3.27 4.45 4.20 3.55 4.51 3.56 3.41 4.35 3.80 4.14 4.02 3.77 3.70 4.57 3.79 3.71 4.32 4.29 4.32 3.47 3.70 3.38 4.31 4.16 3.87 3.55 3.46 4.39 3.94 3.81 3.53 3.28 4.18 4.26 3.79 3.76 4.47 4.19 3.50 3.49 4.34 4.07 3.68 3.58 3.36 3.64 3.95 4.12 2.85 3.03 3.46 3.06 4.20 2.89 4.20 3.11 3.28 3.80 3.97 3.72 4.22 3.98 3.35
3.70 3.59 3.81 3.20 3.30 3.23 3.01 2.80 3.57 3.60 3.53 3.82 3.41 2.96 3.39 3.48 3.45 2.83 2.93 3.10 3.49 3.87 3.68 3.45 2.72 3.16 3.28 3.81 2.69 3.24 3.57 3.63 4.10 3.13 3.23 3.68 3.55 2.77 3.75 3.55 2.69 3.67 3.21 2.99 3.70 3.26 3.06 3.28 2.99 3.27 3.71 3.29 2.85 3.40 3.60 3.47 2.78 3.15 2.94 3.29 3.33 2.92 3.13 2.82 3.23 3.26 3.29 2.71 2.60 3.54 3.52 3.25 3.28 3.73 3.13 2.72 3.01 3.72 3.45 3.24 3.11 2.43 2.77 3.16 3.57 2.33 2.47 2.62 2.45 3.35 2.51 3.51 2.55 2.76 3.30 3.45 2.86 3.61 3.42 2.51
4.47 4.34 4.60 3.85 3.99 3.89 3.61 3.37 4.29 4.33 4.26 4.61 4.12 3.57 4.08 4.20 4.15 3.40 3.52 3.74 4.21 4.66 4.44 4.17 3.27 3.79 3.96 4.60 3.23 3.92 4.31 4.37 4.94 3.76 3.90 4.45 4.29 3.34 4.52 4.29 3.23 4.43 3.89 3.62 4.47 3.94 3.67 3.95 3.59 3.96 4.47 3.97 3.43 4.08 4.35 4.19 3.35 3.80 3.56 3.96 4.01 3.50 3.78 3.40 3.87 3.94 3.98 3.26 3.12 4.28 4.25 3.92 3.97 4.50 3.76 3.27 3.63 4.49 4.16 3.92 3.76 2.91 3.33 3.81 4.31 2.80 2.98 3.15 2.96 4.03 3.04 4.23 3.08 3.33 3.99 4.17 3.44 4.37 4.13 3.02
