4.02 3.82 4.08 3.33 3.58 3.53 3.16 3.38 4.04 3.96 3.93 4.12 3.70 3.06 4.17 4.23 4.25 3.09 3.20 3.78 3.76 4.19 3.92 3.83 3.02 3.37 3.74 4.18 2.91 3.38 3.88 3.95 4.48 3.42 3.38 3.89 3.85 2.83 4.04 3.78 3.00 3.95 3.35 3.21 3.96 3.64 3.48 3.49 3.09 3.12 4.15 3.64 2.97 3.63 3.81 3.63 3.15 3.76 3.50 3.54 3.59 3.24 3.59 2.87 3.45 3.83 3.58 3.00 2.79 3.89 3.85 3.56 3.46 3.94 3.56 2.72 3.33 4.05 3.63 3.36 3.45 2.88 3.20 3.54 3.95 2.21 2.43 2.87 2.73 3.65 2.32 3.81 2.74 3.03 3.69 3.79 3.23 3.87 3.61 2.88
3.81 3.62 3.87 3.15 3.40 3.34 2.99 3.20 3.82 3.75 3.73 3.90 3.50 2.90 3.95 4.01 4.03 2.93 3.03 3.58 3.56 3.97 3.72 3.63 2.86 3.19 3.55 3.96 2.75 3.20 3.68 3.75 4.25 3.24 3.20 3.68 3.64 2.68 3.82 3.58 2.84 3.74 3.17 3.04 3.75 3.45 3.29 3.31 2.93 2.96 3.93 3.45 2.82 3.44 3.61 3.44 2.99 3.56 3.32 3.36 3.40 3.07 3.41 2.72 3.27 3.63 3.40 2.84 2.64 3.69 3.65 3.38 3.28 3.74 3.38 2.57 3.16 3.84 3.44 3.18 3.27 2.73 3.03 3.36 3.75 2.09 2.30 2.71 2.58 3.46 2.20 3.61 2.60 2.87 3.49 3.59 3.06 3.67 3.42 2.73
3.74 3.62 3.89 3.36 3.27 3.50 3.29 3.10 3.82 3.81 3.61 3.92 3.42 3.07 3.51 3.61 3.57 3.10 3.19 3.15 3.49 3.97 3.72 3.50 3.00 3.47 3.26 3.96 2.90 3.25 3.64 3.75 4.23 3.45 3.22 3.70 3.59 2.82 3.81 3.61 2.87 3.78 3.10 2.95 3.75 3.30 3.50 3.43 3.19 3.07 3.80 3.30 3.06 3.60 3.62 3.57 2.91 3.19 2.93 3.58 3.50 3.14 3.08 2.96 3.56 3.29 3.21 2.95 2.76 3.58 3.62 3.22 3.27 3.81 3.40 2.90 3.00 3.71 3.44 3.24 3.11 2.73 3.25 3.31 3.41 2.40 2.64 2.84 2.63 3.59 2.50 3.56 2.67 2.73 3.26 3.41 3.07 3.62 3.43 2.71
2.95 2.84 3.04 2.57 2.59 2.70 2.50 2.46 2.99 2.97 2.85 3.06 2.70 2.36 2.86 2.93 2.92 2.38 2.46 2.58 2.75 3.11 2.91 2.77 2.31 2.65 2.63 3.10 2.23 2.53 2.86 2.94 3.32 2.64 2.52 2.89 2.82 2.17 2.98 2.82 2.24 2.95 2.44 2.34 2.93 2.62 2.69 2.65 2.43 2.37 3.01 2.62 2.33 2.77 2.83 2.76 2.30 2.59 2.39 2.74 2.72 2.44 2.49 2.25 2.71 2.66 2.56 2.28 2.13 2.83 2.84 2.56 2.56 2.96 2.66 2.18 2.39 2.94 2.69 2.52 2.48 2.14 2.49 2.60 2.75 1.80 1.98 2.19 2.04 2.78 1.88 2.80 2.07 2.17 2.61 2.72 2.40 2.85 2.68 2.13
5.01 4.86 5.22 4.53 4.36 4.72 4.45 4.15 5.12 5.12 4.82 5.26 4.58 4.14 4.64 4.79 4.73 4.18 4.31 4.17 4.67 5.32 5.00 4.68 4.04 4.70 4.33 5.31 3.92 4.36 4.87 5.04 5.67 4.65 4.33 4.96 4.80 3.81 5.10 4.85 3.85 5.08 4.15 3.95 5.02 4.40 4.72 4.62 4.32 4.13 5.07 4.40 4.13 4.84 4.86 4.81 3.89 4.22 3.87 4.83 4.71 4.22 4.08 4.00 4.81 4.37 4.28 3.97 3.72 4.79 4.85 4.30 4.38 5.12 4.57 3.93 4.01 4.96 4.62 4.35 4.15 3.66 4.39 4.44 4.52 3.26 3.60 3.83 3.53 4.84 3.39 4.76 3.60 3.64 4.34 4.55 4.11 4.85 4.61 3.63
3.82 3.61 3.85 3.07 3.43 3.27 2.88 3.23 3.81 3.71 3.76 3.88 3.52 2.83 4.10 4.14 4.19 2.86 2.96 3.73 3.57 3.96 3.70 3.67 2.80 3.08 3.64 3.95 2.69 3.18 3.68 3.73 4.24 3.16 3.18 3.66 3.65 2.62 3.82 3.55 2.82 3.71 3.19 3.06 3.74 3.49 3.21 3.25 2.82 2.90 3.97 3.50 2.72 3.37 3.59 3.38 3.01 3.69 3.45 3.27 3.36 3.03 3.51 2.62 3.15 3.74 3.45 2.79 2.59 3.72 3.65 3.42 3.27 3.70 3.36 2.45 3.20 3.88 3.42 3.15 3.31 2.73 2.94 3.36 3.86 1.98 2.16 2.66 2.56 3.40 2.08 3.61 2.56 2.91 3.57 3.65 3.05 3.68 3.40 2.73
4.35 4.20 4.50 3.85 3.81 4.03 3.76 3.62 4.43 4.41 4.20 4.54 3.98 3.53 4.15 4.26 4.23 3.56 3.67 3.74 4.06 4.60 4.32 4.08 3.45 3.97 3.83 4.59 3.34 3.76 4.22 4.35 4.91 3.96 3.73 4.28 4.17 3.25 4.42 4.18 3.32 4.38 3.61 3.44 4.34 3.85 4.02 3.96 3.65 3.53 4.43 3.85 3.50 4.14 4.20 4.12 3.39 3.76 3.47 4.11 4.04 3.62 3.63 3.38 4.07 3.88 3.76 3.40 3.18 4.17 4.20 3.77 3.79 4.40 3.94 3.30 3.51 4.33 3.99 3.75 3.64 3.16 3.73 3.85 4.01 2.72 3.00 3.27 3.04 4.14 2.84 4.13 3.09 3.19 3.82 3.99 3.55 4.21 3.98 3.15
4.18 4.04 4.33 3.70 3.67 3.88 3.61 3.48 4.26 4.24 4.04 4.37 3.83 3.39 3.99 4.10 4.07 3.42 3.53 3.60 3.90 4.42 4.15 3.93 3.32 3.82 3.69 4.41 3.21 3.61 4.06 4.18 4.72 3.80 3.59 4.12 4.01 3.12 4.25 4.02 3.19 4.21 3.47 3.31 4.18 3.70 3.86 3.80 3.51 3.40 4.26 3.70 3.36 3.98 4.04 3.96 3.26 3.62 3.34 3.95 3.89 3.48 3.49 3.25 3.91 3.73 3.61 3.27 3.06 4.01 4.04 3.62 3.65 4.23 3.79 3.17 3.38 4.16 3.84 3.60 3.50 3.04 3.58 3.70 3.86 2.62 2.88 3.15 2.92 3.98 2.73 3.97 2.97 3.07 3.68 3.84 3.42 4.05 3.82 3.03
3.99 3.83 4.11 3.47 3.51 3.64 3.36 3.32 4.04 4.01 3.86 4.14 3.66 3.18 3.89 3.98 3.96 3.21 3.31 3.51 3.72 4.20 3.94 3.76 3.12 3.56 3.56 4.19 3.01 3.42 3.86 3.97 4.48 3.56 3.40 3.91 3.82 2.93 4.03 3.81 3.03 3.99 3.31 3.16 3.97 3.55 3.62 3.58 3.27 3.20 4.07 3.55 3.14 3.74 3.83 3.73 3.11 3.52 3.26 3.70 3.67 3.29 3.39 3.03 3.65 3.62 3.47 3.08 2.88 3.83 3.84 3.47 3.46 4.00 3.59 2.94 3.24 3.98 3.64 3.41 3.36 2.89 3.35 3.52 3.74 2.42 2.66 2.96 2.76 3.75 2.52 3.78 2.80 2.94 3.54 3.68 3.24 3.85 3.63 2.88
2.87 2.92 3.19 3.17 2.34 3.19 3.32 2.28 3.06 3.22 2.63 3.20 2.58 2.86 1.82 2.02 1.84 2.89 2.94 1.58 2.65 3.18 3.02 2.53 2.72 3.44 1.98 3.18 2.69 2.72 2.84 3.05 3.38 3.24 2.66 3.02 2.77 2.60 3.03 2.99 2.38 3.16 2.33 2.19 3.01 2.32 3.29 3.06 3.18 2.73 2.76 2.31 3.01 3.25 2.96 3.18 2.17 1.72 1.48 3.39 3.06 2.69 1.74 2.93 3.52 1.89 2.17 2.63 2.50 2.65 2.87 2.26 2.61 3.24 2.81 3.08 2.08 2.70 2.79 2.74 2.16 2.19 3.12 2.57 1.98 2.62 2.92 2.58 2.22 3.20 2.69 2.76 2.33 1.89 2.11 2.35 2.49 2.81 2.80 2.14
5.01 4.87 5.23 4.56 4.36 4.75 4.49 4.15 5.13 5.14 4.82 5.27 4.58 4.16 4.61 4.76 4.69 4.21 4.33 4.14 4.67 5.33 5.01 4.67 4.06 4.73 4.31 5.32 3.94 4.38 4.88 5.05 5.68 4.68 4.34 4.97 4.81 3.83 5.11 4.86 3.86 5.10 4.15 3.95 5.03 4.39 4.75 4.64 4.35 4.15 5.07 4.39 4.16 4.87 4.87 4.83 3.89 4.19 3.84 4.86 4.73 4.23 4.06 4.03 4.85 4.34 4.27 3.99 3.74 4.79 4.86 4.30 4.39 5.13 4.58 3.97 4.00 4.96 4.63 4.37 4.15 3.67 4.42 4.44 4.50 3.29 3.64 3.85 3.54 4.86 3.43 4.77 3.61 3.64 4.33 4.55 4.12 4.86 4.62 3.64
4.10 4.01 4.32 3.86 3.53 3.99 3.84 3.37 4.22 4.27 3.91 4.35 3.74 3.51 3.58 3.73 3.65 3.55 3.65 3.21 3.82 4.39 4.13 3.79 3.41 4.04 3.42 4.38 3.32 3.63 4.00 4.16 4.68 3.95 3.59 4.11 3.94 3.22 4.21 4.02 3.20 4.22 3.38 3.21 4.15 3.55 4.01 3.89 3.72 3.47 4.12 3.55 3.54 4.09 4.03 4.05 3.17 3.28 2.98 4.11 3.95 3.52 3.19 3.44 4.13 3.42 3.43 3.34 3.14 3.90 4.00 3.47 3.61 4.27 3.79 3.43 3.23 4.02 3.82 3.63 3.35 3.02 3.75 3.64 3.55 2.86 3.16 3.24 2.94 4.07 2.97 3.91 3.01 2.93 3.46 3.66 3.40 3.98 3.81 2.99
4.03 3.93 4.23 3.73 3.49 3.87 3.70 3.33 4.14 4.17 3.86 4.26 3.68 3.41 3.61 3.75 3.68 3.44 3.54 3.24 3.76 4.30 4.05 3.74 3.31 3.89 3.42 4.30 3.22 3.55 3.93 4.08 4.59 3.83 3.51 4.02 3.87 3.13 4.13 3.94 3.13 4.13 3.33 3.17 4.07 3.51 3.89 3.78 3.58 3.38 4.06 3.51 3.42 3.97 3.94 3.94 3.13 3.30 3.01 3.98 3.85 3.44 3.20 3.32 3.99 3.43 3.41 3.25 3.05 3.84 3.92 3.44 3.54 4.17 3.71 3.29 3.19 3.97 3.74 3.54 3.31 2.96 3.63 3.58 3.55 2.73 3.02 3.14 2.87 3.96 2.84 3.84 2.94 2.90 3.44 3.63 3.33 3.91 3.73 2.93
4.10 3.70 3.87 2.52 3.90 2.87 2.06 3.61 3.93 3.61 4.22 3.92 3.84 2.38 5.55 5.44 5.68 2.41 2.54 5.10 3.87 4.08 3.77 4.15 2.46 2.31 4.59 4.06 2.29 3.12 3.90 3.80 4.38 2.61 3.18 3.70 3.91 2.25 3.96 3.53 2.81 3.65 3.49 3.40 3.84 4.03 2.67 2.95 2.08 2.64 4.47 4.04 2.06 2.99 3.62 3.07 3.31 4.90 4.72 2.68 3.13 2.89 4.59 1.96 2.36 4.85 4.09 2.53 2.29 4.13 3.81 3.97 3.38 3.56 3.35 1.52 3.73 4.36 3.48 3.05 3.86 2.80 2.35 3.58 4.97 1.12 1.17 2.34 2.49 3.08 1.23 3.84 2.39 3.39 4.35 4.27 3.10 3.91 3.44 2.86
3.92 3.79 4.07 3.51 3.42 3.66 3.44 3.25 3.99 3.99 3.78 4.10 3.58 3.21 3.68 3.79 3.75 3.24 3.34 3.31 3.65 4.15 3.90 3.67 3.13 3.63 3.42 4.14 3.04 3.40 3.81 3.93 4.43 3.60 3.37 3.87 3.76 2.95 3.98 3.78 3.00 3.96 3.24 3.09 3.92 3.45 3.66 3.59 3.34 3.21 3.98 3.45 3.19 3.76 3.79 3.74 3.05 3.34 3.07 3.74 3.66 3.28 3.23 3.09 3.72 3.45 3.36 3.09 2.89 3.75 3.79 3.38 3.42 3.98 3.56 3.03 3.15 3.89 3.60 3.39 3.26 2.86 3.40 3.47 3.57 2.50 2.76 2.97 2.75 3.76 2.61 3.72 2.80 2.86 3.42 3.58 3.21 3.79 3.59 2.84
4.09 4.00 4.31 3.85 3.52 3.98 3.83 3.36 4.21 4.25 3.90 4.34 3.73 3.50 3.57 3.72 3.63 3.54 3.64 3.19 3.80 4.37 4.12 3.78 3.40 4.03 3.40 4.37 3.31 3.62 3.99 4.15 4.66 3.94 3.58 4.09 3.92 3.21 4.19 4.01 3.19 4.21 3.37 3.20 4.13 3.54 4.00 3.88 3.71 3.46 4.10 3.54 3.54 4.07 4.01 4.03 3.16 3.26 2.97 4.10 3.94 3.51 3.17 3.43 4.12 3.40 3.42 3.33 3.13 3.88 3.98 3.46 3.60 4.25 3.78 3.42 3.21 4.01 3.81 3.62 3.33 3.01 3.74 3.63 3.53 2.85 3.16 3.23 2.93 4.06 2.96 3.89 3.00 2.92 3.44 3.65 3.39 3.97 3.80 2.98
3.84 3.68 3.94 3.30 3.39 3.47 3.18 3.21 3.88 3.84 3.73 3.97 3.52 3.02 3.81 3.89 3.89 3.06 3.16 3.44 3.58 4.04 3.78 3.63 2.97 3.38 3.47 4.03 2.87 3.28 3.72 3.81 4.31 3.39 3.26 3.75 3.68 2.79 3.88 3.65 2.90 3.82 3.19 3.05 3.81 3.43 3.44 3.42 3.10 3.06 3.94 3.44 2.97 3.57 3.67 3.56 3.00 3.45 3.19 3.51 3.51 3.15 3.31 2.87 3.46 3.53 3.37 2.94 2.74 3.70 3.70 3.36 3.33 3.83 3.45 2.77 3.14 3.84 3.50 3.26 3.25 2.78 3.19 3.39 3.65 2.27 2.50 2.82 2.65 3.58 2.37 3.64 2.68 2.85 3.44 3.57 3.11 3.71 3.48 2.77
4.54 4.43 4.77 4.23 3.92 4.38 4.20 3.74 4.67 4.70 4.34 4.81 4.14 3.86 4.02 4.18 4.10 3.90 4.01 3.60 4.23 4.85 4.56 4.21 3.75 4.42 3.82 4.84 3.65 4.00 4.43 4.60 5.17 4.34 3.96 4.54 4.36 3.54 4.65 4.44 3.53 4.66 3.75 3.56 4.58 3.94 4.41 4.28 4.07 3.82 4.57 3.94 3.88 4.49 4.45 4.45 3.52 3.67 3.35 4.51 4.35 3.88 3.57 3.76 4.53 3.83 3.82 3.68 3.46 4.32 4.42 3.86 3.99 4.71 4.18 3.74 3.59 4.47 4.22 4.00 3.72 3.34 4.11 4.03 3.97 3.12 3.45 3.56 3.24 4.48 3.24 4.32 3.32 3.26 3.85 4.07 3.76 4.40 4.21 3.30
4.46 4.39 4.74 4.32 3.80 4.45 4.35 3.64 4.62 4.70 4.22 4.78 4.06 3.93 3.70 3.89 3.77 3.97 4.07 3.30 4.14 4.80 4.53 4.09 3.80 4.56 3.60 4.80 3.71 3.99 4.36 4.56 5.11 4.43 3.94 4.50 4.28 3.60 4.60 4.42 3.51 4.65 3.67 3.48 4.54 3.81 4.49 4.32 4.20 3.86 4.44 3.81 4.00 4.55 4.42 4.49 3.44 3.40 3.07 4.61 4.37 3.89 3.33 3.88 4.67 3.58 3.67 3.71 3.50 4.21 4.36 3.72 3.95 4.71 4.16 3.92 3.46 4.34 4.19 4.00 3.59 3.31 4.21 3.96 3.71 3.28 3.63 3.61 3.24 4.52 3.40 4.25 3.34 3.14 3.67 3.92 3.73 4.33 4.18 3.26
4.11 3.96 4.25 3.62 3.61 3.79 3.52 3.42 4.18 4.15 3.98 4.28 3.77 3.31 3.95 4.06 4.03 3.35 3.45 3.57 3.84 4.34 4.07 3.87 3.24 3.73 3.64 4.33 3.14 3.54 3.99 4.11 4.63 3.72 3.52 4.04 3.94 3.05 4.17 3.94 3.13 4.13 3.41 3.26 4.10 3.65 3.77 3.72 3.42 3.33 4.19 3.65 3.28 3.89 3.96 3.88 3.21 3.59 3.31 3.86 3.81 3.41 3.45 3.17 3.82 3.69 3.56 3.20 2.99 3.95 3.97 3.57 3.58 4.15 3.72 3.09 3.33 4.10 3.77 3.53 3.45 2.99 3.50 3.64 3.82 2.54 2.80 3.08 2.86 3.90 2.65 3.90 2.91 3.02 3.63 3.78 3.35 3.98 3.75 2.97
4.38 4.20 4.49 3.75 3.87 3.95 3.62 3.66 4.43 4.37 4.26 4.53 4.02 3.44 4.35 4.44 4.44 3.48 3.59 3.93 4.09 4.60 4.31 4.14 3.38 3.84 3.96 4.59 3.26 3.73 4.24 4.34 4.91 3.86 3.72 4.27 4.19 3.18 4.42 4.16 3.31 4.35 3.64 3.48 4.34 3.92 3.92 3.89 3.52 3.48 4.49 3.92 3.38 4.06 4.18 4.05 3.42 3.94 3.65 4.00 3.99 3.59 3.78 3.27 3.93 4.03 3.84 3.35 3.12 4.22 4.21 3.84 3.79 4.36 3.93 3.14 3.58 4.38 3.98 3.72 3.71 3.16 3.62 3.87 4.17 2.58 2.84 3.21 3.01 4.07 2.70 4.15 3.05 3.25 3.93 4.07 3.55 4.23 3.97 3.15
4.17 4.13 4.47 4.15 3.53 4.24 4.20 3.38 4.34 4.45 3.92 4.50 3.78 3.76 3.31 3.50 3.36 3.80 3.89 2.94 3.87 4.51 4.26 3.79 3.63 4.40 3.27 4.51 3.55 3.77 4.08 4.29 4.80 4.25 3.72 4.24 4.00 3.44 4.32 4.17 3.31 4.39 3.42 3.23 4.27 3.53 4.31 4.11 4.05 3.67 4.12 3.52 3.85 4.34 4.16 4.28 3.20 3.05 2.73 4.42 4.15 3.69 3.00 3.74 4.50 3.23 3.37 3.53 3.34 3.92 4.09 3.44 3.71 4.46 3.93 3.81 3.19 4.03 3.94 3.78 3.31 3.11 4.05 3.71 3.36 3.20 3.55 3.44 3.06 4.30 3.31 3.98 3.17 2.90 3.36 3.62 3.51 4.05 3.94 3.06
4.48 4.34 4.66 4.05 3.90 4.22 3.98 3.71 4.57 4.58 4.31 4.70 4.09 3.70 4.15 4.28 4.22 3.74 3.85 3.73 4.17 4.75 4.46 4.18 3.61 4.20 3.87 4.74 3.50 3.90 4.35 4.50 5.07 4.16 3.87 4.43 4.29 3.40 4.56 4.33 3.44 4.54 3.70 3.53 4.49 3.93 4.22 4.13 3.86 3.69 4.53 3.93 3.69 4.33 4.34 4.30 3.48 3.77 3.46 4.32 4.21 3.77 3.65 3.58 4.30 3.90 3.82 3.55 3.33 4.28 4.34 3.85 3.91 4.57 4.08 3.52 3.58 4.43 4.13 3.89 3.71 3.27 3.93 3.96 4.04 2.91 3.21 3.42 3.15 4.32 3.03 4.26 3.21 3.25 3.88 4.07 3.68 4.34 4.12 3.25
3.63 3.52 3.78 3.28 3.16 3.42 3.22 3.01 3.71 3.71 3.49 3.81 3.32 3.00 3.37 3.48 3.43 3.03 3.12 3.03 3.38 3.85 3.62 3.39 2.92 3.40 3.14 3.85 2.84 3.16 3.53 3.65 4.11 3.37 3.14 3.59 3.48 2.75 3.70 3.51 2.79 3.68 3.00 2.86 3.64 3.19 3.42 3.35 3.13 2.99 3.68 3.19 2.99 3.51 3.52 3.48 2.82 3.06 2.81 3.50 3.41 3.05 2.96 2.89 3.48 3.17 3.10 2.88 2.70 3.47 3.52 3.12 3.17 3.71 3.31 2.84 2.91 3.60 3.35 3.15 3.01 2.65 3.18 3.21 3.28 2.36 2.60 2.77 2.56 3.50 2.45 3.45 2.60 2.64 3.15 3.30 2.98 3.52 3.34 2.63
4.14 4.28 4.69 4.86 3.30 4.83 5.16 3.23 4.47 4.78 3.72 4.71 3.70 4.37 2.20 2.54 2.22 4.40 4.48 1.87 3.81 4.65 4.43 3.57 4.13 5.33 2.60 4.66 4.10 4.03 4.11 4.47 4.94 4.96 3.92 4.44 3.99 3.95 4.42 4.42 3.51 4.67 3.34 3.11 4.41 3.24 5.02 4.60 4.93 4.11 3.90 3.23 4.65 4.92 4.36 4.79 3.10 2.13 1.75 5.19 4.58 4.01 2.20 4.54 5.46 2.42 2.99 3.96 3.79 3.76 4.17 3.14 3.81 4.82 4.14 4.84 2.89 3.82 4.10 4.08 3.00 3.21 4.79 3.71 2.55 4.14 4.64 3.92 3.29 4.82 4.25 3.99 3.49 2.63 2.84 3.26 3.65 4.07 4.12 3.10
